Cost of the solution: 320 | Number of states explored: 3959
3113
3113
3223
3443
4004

3113
3113
3223
3443
0404

3113
3113
3223
3403
0444

3113
3113
0223
3403
3444

3113
3113
2203
3403
3444

3113
3113
2230
3430
3444

3113
3113
2230
3434
3440

3113
3113
2230
3434
3404

3110
3113
2233
3434
3404

3110
3113
2233
3434
3044

3110
3113
2233
3034
3444

3113
3113
2230
3034
3444

3113
3113
2234
3030
3444

3113
3113
2234
3034
3440

3113
3113
2234
3034
3404

3113
3113
2204
3034
3434

3113
3113
0224
3034
3434

3113
3113
3224
3034
0434

3113
3113
3224
3034
4034

3113
3113
3224
3304
4304

3113
3113
3224
3304
4340

3113
3113
3224
3300
4344

3113
3113
3220
3304
4344

3113
3113
3220
3344
4304

3113
3113
3220
3344
4340

3110
3113
3223
3344
4340

3110
3113
3223
3340
4344

3110
3110
3223
3343
4344

3011
3011
3223
3343
4344

0311
0311
3223
3343
4344

0311
3311
3223
0343
4344

0311
3311
3223
4343
0344

3311
3311
0223
4343
0344

3311
3311
4223
0343
0344

3311
3311
4223
3043
3044

3311
3311
4223
3043
3404

3311
3311
4223
3443
3004

3311
3311
4223
3443
3040

3311
3311
4220
3443
3043

3311
3311
4022
3443
3043

3311
3311
4022
3443
3403

3311
3311
0422
3443
3403

3311
3311
0422
3403
3443

3311
3311
0422
3043
3443

3311
3311
0022
3443
3443

3311
3311
0220
3443
3443

3311
3311
0223
3443
3440

3311
3311
0223
3443
3404

3311
3311
0223
3403
3444

3311
3311
2203
3403
3444

3311
3311
2230
3430
3444

3311
3311
2230
3434
3440

3311
3311
2230
3434
3404

3311
3311
2200
3434
3434

3311
3311
0220
3434
3434

3311
3311
0224
3430
3434

3311
3311
0224
3434
3430

3311
3311
3224
3434
0430

3311
3311
3224
3434
4030

3311
3311
3224
3430
4034

3311
3311
3224
3030
4434

3311
3311
3220
3034
4434

3311
3311
3022
3034
4434

3311
3311
3022
3434
4034

3311
3311
3022
3434
0434

3011
3311
3322
3434
0434

3011
3311
0322
3434
3434

0011
3311
3322
3434
3434

0311
3311
3022
3434
3434

0311
3311
3422
3034
3434

0311
3311
3422
3434
3034

3311
3311
0422
3434
3034

3311
3311
4022
3434
3034

3311
3311
4422
3034
3034

3311
3311
4422
0334
0334

3311
3311
0422
4334
0334

3311
3311
0422
0334
4334

0311
3311
3422
0334
4334

0311
0311
3422
3334
4334

3011
3011
3422
3334
4334

3011
3411
3022
3334
4334

3011
3411
3322
3334
4034

3011
3411
3322
3334
0434

3011
3411
0322
3334
3434

0011
3411
3322
3334
3434

0411
3011
3322
3334
3434

0411
3311
3322
3034
3434

0411
3311
3322
3434
3034

4011
3311
3322
3434
3034

4311
3311
3022
3434
3034

4311
3311
3422
3034
3034

4311
3311
3422
0334
0334

4311
0311
3422
3334
0334

4311
0311
0422
3334
3334

0311
4311
0422
3334
3334

0311
0311
4422
3334
3334

3011
3011
4422
3334
3334

3011
3411
4022
3334
3334

3011
3411
0422
3334
3334

0011
3411
3422
3334
3334

0411
3011
3422
3334
3334

0411
3411
3022
3334
3334

3411
3411
0022
3334
3334

3411
3411
0220
3334
3334

3411
3411
0224
3330
3334

3411
3411
0224
3334
3330

0411
3411
3224
3334
3330

4011
3411
3224
3334
3330

4011
3411
3224
3330
3334

4011
3411
3220
3334
3334

4411
3011
3220
3334
3334

4411
3011
3022
3334
3334

4411
0311
0322
3334
3334

4411
0311
3322
3334
0334

4411
3311
3322
0334
0334

4411
3311
3322
3034
3034

4411
3311
3322
3304
3304

4411
3311
3322
3304
3340

4411
3311
3322
3300
3344

4411
3311
3300
3322
3344

4400
3311
3311
3322
3344

4040
3311
3311
3322
3344

4004
3311
3311
3322
3344

0404
3311
3311
3322
3344

0044
3311
3311
3322
3344

0344
3311
3011
3322
3344

0344
3311
3311
3322
3044

0344
3311
3311
3322
3404

0344
3311
3311
3322
3440

3344
3311
0311
3322
3440

3344
3311
3311
3322
0440

3344
3311
3311
3322
4040

3344
3311
3311
3322
4400

3344
3311
3311
3300
4422

3344
3300
3311
3311
4422

3340
3304
3311
3311
4422

3304
3304
3311
3311
4422

3034
3034
3311
3311
4422

0334
0334
3311
3311
4422

0334
3334
3311
0311
4422

0334
3334
3311
4311
0422

0334
3334
3311
4311
4022

0334
3334
3011
4311
4322

0034
3334
3311
4311
4322

3034
3334
0311
4311
4322

3034
3334
4311
0311
4322

3034
3334
4311
4311
0322

3334
3334
4011
4311
0322

3334
3334
4311
4311
0022

3334
3334
4311
4311
0220

3334
3334
4311
4311
2200

3334
3334
4300
4311
2211

3334
3330
4304
4311
2211

3304
3330
4334
4311
2211

3340
3330
4334
4311
2211

3340
3334
4330
4311
2211

3344
3330
4330
4311
2211

3344
3303
4303
4311
2211

3304
3343
4303
4311
2211

3304
3303
4343
4311
2211

3034
3033
4343
4311
2211

0334
0333
4343
4311
2211

0334
4333
0343
4311
2211

0334
4333
4343
0311
2211

4334
0333
4343
0311
2211

4334
4333
0343
0311
2211

4334
4333
3043
3011
2211

4034
4333
3343
3011
2211

4034
4033
3343
3311
2211

4034
0433
3343
3311
2211

4034
3433
3343
0311
2211

0434
3433
3343
0311
2211

3434
3433
0343
0311
2211

3434
3433
3043
3011
2211

3434
3433
3403
3011
2211

3434
3433
3003
3411
2211

3404
3433
3033
3411
2211

3404
3033
3433
3411
2211

3004
3433
3433
3411
2211

3040
3433
3433
3411
2211

3043
3433
3430
3411
2211

3403
3433
3430
3411
2211

3433
3433
3400
3411
2211

3433
3433
3040
3411
2211

3430
3433
3043
3411
2211

3430
3033
3443
3411
2211

3030
3433
3443
3411
2211

3033
3433
3440
3411
2211

3033
3433
3404
3411
2211

3003
3433
3434
3411
2211

3403
3033
3434
3411
2211

3403
3433
3034
3411
2211

3403
3433
3434
3011
2211

3433
3433
3404
3011
2211

3433
3433
3044
3011
2211

3433
3433
0344
0311
2211

0433
3433
3344
0311
2211

0433
0433
3344
3311
2211

0433
4033
3344
3311
2211

4033
4033
3344
3311
2211

4303
4303
3344
3311
2211

4330
4330
3344
3311
2211

4330
4334
3340
3311
2211

4330
4334
3304
3311
2211

4300
4334
3334
3311
2211

4304
4330
3334
3311
2211

4304
4334
3330
3311
2211

4334
4334
3300
3311
2211

4334
4334
3311
3311
2200

4334
4334
3311
3311
0220

4334
4334
3311
3311
0022

4334
4334
3011
3311
0322

4334
4334
0011
3311
3322

4034
4334
0311
3311
3322

0434
4334
0311
3311
3322

0434
4334
3311
3311
0322

4434
0334
3311
3311
0322

4434
3334
3311
0311
0322

4434
3334
3311
3011
3022

4434
3334
3311
3011
3220

4434
3034
3311
3311
3220

4034
3434
3311
3311
3220

4034
3434
3311
3311
3022

4034
3434
3011
3311
3322

4034
3034
3411
3311
3322

0434
3034
3411
3311
3322

0034
3434
3411
3311
3322

3034
3434
0411
3311
3322

3034
3434
4011
3311
3322

3034
3434
4311
3311
3022

3034
3434
4311
3311
3220

3434
3034
4311
3311
3220

3434
3334
4311
3011
3220

3434
3334
4311
3011
3022

3434
3334
4311
0311
0322

3434
3334
0311
4311
0322

3434
3334
0311
0311
4322

0434
3334
3311
0311
4322

0434
0334
3311
3311
4322

4034
0334
3311
3311
4322

0034
4334
3311
3311
4322

0334
4334
3011
3311
4322

0334
4334
3311
3311
4022

0334
4334
3311
3311
0422

0334
4334
0311
3311
3422

0334
0334
4311
3311
3422

3034
3034
4311
3311
3422

3034
3334
4311
3011
3422

3034
3334
4311
3411
3022

3034
3334
4311
3411
3220

3334
3334
4011
3411
3220

3334
3334
0411
3411
3220

3334
3334
0411
3411
3022

3334
3334
0411
3011
3422

3334
3334
0011
3411
3422

3334
3334
3011
3411
0422

3334
3334
3011
3411
4022

3334
3334
3011
3011
4422

3334
3334
3110
3110
4422

3334
3330
3114
3110
4422

3334
3330
3110
3114
4422

3330
3334
3110
3114
4422

3330
3330
3114
3114
4422

3303
3303
3114
3114
4422

3033
3033
3114
3114
4422

0333
0333
3114
3114
4422

0333
3333
3114
0114
4422

0333
3333
3114
4114
0422

0333
3333
3114
4114
4022

0333
3333
3114
4114
4220

0333
3333
3114
4110
4224

0333
3333
3110
4114
4224

0330
3333
3113
4114
4224

3330
3333
0113
4114
4224

3330
3333
4113
0114
4224

3330
3333
4113
4114
0224

3330
3333
4113
4114
2204

3330
3333
4113
4114
2240

3330
3333
4113
4110
2244

3333
3333
4110
4110
2244

3333
3333
4011
4011
2244

3333
3333
4011
0411
2244

3333
3333
0011
4411
2244

0333
3333
3011
4411
2244

0333
3333
3411
4011
2244

0333
3333
3411
0411
2244

0333
0333
3411
3411
2244

3033
3033
3411
3411
2244

3033
3433
3011
3411
2244

3033
3433
3411
3011
2244

3433
3033
3411
3011
2244

3433
3433
3011
3011
2244

3433
3433
0311
0311
2244

0433
3433
3311
0311
2244

0433
0433
3311
3311
2244

0433
4033
3311
3311
2244

0433
4333
3311
3011
2244

4433
0333
3311
3011
2244

4433
3333
3311
0011
2244

4433
3333
3311
2211
0044

4433
3333
3311
2211
0404

4433
3333
3311
2211
0440

4433
3333
3311
2211
4040

4433
3333
3311
2211
4400

4433
3333
3300
2211
4411

4430
3333
3303
2211
4411

4400
3333
3333
2211
4411

4040
3333
3333
2211
4411

4043
3333
3330
2211
4411

0443
3333
3330
2211
4411

3443
3333
0330
2211
4411

3440
3333
0333
2211
4411

3404
3333
0333
2211
4411

0404
3333
3333
2211
4411

0044
3333
3333
2211
4411

0344
3333
3033
2211
4411

3344
3333
0033
2211
4411

3344
3333
2233
0011
4411

3344
3333
2233
0411
4011

3344
3333
2233
4011
4011

3344
3333
2233
4110
4110
